0 0.010000
606520 0.010000
1982304 0.010000
3486000 0.010000
4493000 0.010000
4006000 0.010000
4157500 0.010000
4960000 0.010000
5210500 0.010000
5213000 0.010000
5311500 0.010000
4262000 0.010000
4276000 0.010000
2535304 0.010000
0 0.010000
0 0.010000
0 0.010000
0 0.010000
0 0.010000
0 0.010000
0 0.010000
0 0.010000
0 0.010000
0 0.010000
0 0.010000
0 0.010000
0 0.010000
0 0.010000
0 0.010000
0 0.010000
0 0.010000
0 0.010000
0 0.010000
0 0.010000
0 0.010000
0 0.010000
0 0.010000
0 0.010000
0 0.010000
0 0.010000
0 0.010000
0 0.010000
0 0.010000
0 0.010000
0 0.010000
0 0.010000
0 0.010000
0 0.010000
0 0.010000
0 0.010000
0 0.010000
0 0.010000
0 0.010000
0 0.010000
0 0.010000
0 0.010000
0 0.010000
0 0.010000
0 0.010000
0 0.010000
0 0.010000
0 0.010000
0 0.010000
0 0.010000
0 0.010000
0 0.010000
0 0.010000
0 0.010000
0 0.010000
0 0.010000
0 0.010000
0 0.010000
0 0.010000
0 0.010000
0 0.010000
0 0.010000
0 0.010000
0 0.010000
0 0.010000
0 0.010000
0 0.010000
0 0.010000
0 0.010000
0 0.010000
0 0.010000
0 0.010000
0 0.010000
0 0.010000
0 0.010000
0 0.010000
0 0.010000
0 0.010000
0 0.010000
0 0.010000
0 0.010000
0 0.010000
0 0.010000
0 0.010000
0 0.010000
0 0.010000
0 0.010000
0 0.010000
0 0.010000
0 0.010000
0 0.010000
0 0.010000
0 0.010000
0 0.010000
0 0.010000
0 0.010000
0 0.010000
